Joseph Petitti - Project 2

To run this code, simply run Project_2.py. This will read input from a file called "input.txt," formatted as the instructions show, and calculate the closest distance between two points. The program will print the answer and runtime found from both the recursive algorithm and the brute force algorithm.

To test with different files, run:
Project_2.py <input filename>
Where <input filename> is the name of a correctly formatted text file in the same directory as Project_2.py. Entering the name of a nonexistent file, or not including this argument, will default to "input.txt"


Points Tested:
Test 1: [(0,1),(99,50),(153,22),(44,11)]

Test 2: [(0,0),(7,6),(2,20),(12,5),(16,16),(5,8),(19,7),(14,22),(8,19),(7,29),(10,11),(1,13)]

Test 3: [(502,5347),(8636,6108),(3895,4548),(9699,9898),(4570,2356),(3035,2915),(39,5292),(2120,6329),(8105,6549),(7553,2297),(5814,1858),(6357,4242),(929,8479),(6317,9751),(2768,9892),(8285,2845),(6963,2748),(6119,1995),(1745,2326),(7836,4279),(2740,7473),(1658,8094),(6411,1037),(5199,1945),(2972,5889),(8394,2290),(1256,6451),(2610,138),(9200,2729),(8243,7058),(7302,7067),(2707,5497),(4690,756),(1972,9541),(6387,3160),(5410,5096),(6672,6828),(2927,9600),(6040,9961),(5967,1874),(1351,1239),(8771,918),(1847,2142),(1960,7923),(3221,5033),(2572,4913),(1787,3517),(4915,7714),(417,5450),(57,803),(8929,2264),(7528,2026),(8942,4217),(442,6897),(2535,9397),(7284,6901),(486,8356),(6738,8965),(2721,491),(3513,591),(4916,732),(7792,5010),(9841,1189),(3307,3317),(413,3757),(6056,2573),(308,5190),(3568,1084),(8749,747),(6946,55),(9335,2145),(3966,6426),(309,1141),(1989,9457),(2790,7926),(3301,4287),(7466,1949),(2714,2799),(364,7720),(5764,7845),(2704,6481),(3346,3931),(8871,671),(512,3336),(2988,430),(648,2732),(5228,2720),(9315,8791),(5255,878),(7483,4251),(2828,8960),(5148,2218),(7800,2409),(1105,1438),(683,2997),(4430,4213),(1564,5447),(9908,4768),(1804,2205),(4171,5128),(3716,603),(4455,2361),(2369,2587),(8263,1451),(7717,2484),(1771,1355),(3275,5327),(3605,2594),(3236,3468),(6312,7793),(3682,4501),(3565,1978),(5610,1209),(8580,3229),(9803,1802),(6848,6751),(3806,5705),(636,9102),(2420,7393),(517,6693),(1451,8557),(7550,9913),(5219,1519),(3813,949),(4388,8377),(7076,1368),(3018,585),(4563,4224),(4016,2057),(9058,1510),(8324,1452),(5145,2031),(1893,8987),(9971,4807),(9881,5269),(4938,6333),(2477,7328),(4256,7254),(144,1692),(5934,6376),(6841,2587),(1645,7107),(5995,5070),(8967,7912),(5420,8652),(3528,9543),(2850,5487),(9087,338),(4563,7617),(9732,5209),(2879,5267),(1928,3545),(4760,152),(5839,5212),(836,7942),(4122,8912),(3324,1559),(387,8810),(5139,1773),(4345,4377),(9559,6174),(8987,2436),(7329,5118),(5389,9501),(8373,8615),(2180,8343),(926,6448),(8363,906),(5045,3353),(4254,9810),(8068,322),(1170,9215),(2675,479),(5325,5324),(1954,7659),(973,6698),(9273,5913),(2463,3976),(1017,5515),(3479,2364),(5021,3237),(1702,5479),(2003,2093),(6363,6854),(7867,4031),(9625,1676),(1240,5618),(3148,3119),(8958,8296),(1608,9669),(8205,2369),(7187,712),(3333,7510),(7638,8569),(5552,9846),(3819,215),(4872,543),(8931,54),(7165,9392),(7415,7588),(6722,4199),(7762,4589),(3465,2756),(5733,3890),(9752,5111),(8330,2088),(3403,7873),(1791,459),(2809,8018),(3378,9599),(1753,1337),(3047,7724),(5467,2711),(6092,5538),(5597,4228),(7955,5130),(1990,5424),(140,9168),(9090,8683),(6829,2326),(7204,1243),(5585,5963),(2378,2518),(7392,332),(9008,4226),(1071,5146),(7217,6666),(7425,6500),(3985,2151),(3434,7640),(3216,6583),(4077,6735),(9133,1820),(6656,4212),(2303,9686),(4297,4131),(4830,52),(2906,4763),(2565,3955),(1570,8063),(1532,3647),(3838,7131),(4543,4211),(9205,148),(8190,2014),(9097,1754),(5328,4783),(4393,602),(8853,5012),(8253,6428),(6183,3753),(4582,7185),(6561,205),(5154,3352),(104,7025),(5183,561),(4468,2908),(3708,1458),(2655,4490),(585,3191),(7609,4301),(5606,6581),(3212,4569),(9708,7238),(3477,2579),(5897,4466),(1925,7293),(7758,1943),(8848,9606),(400,5072),(2954,3252),(8442,2588),(5311,3460),(5226,9892),(2462,9575),(4880,1073),(1085,3253),(9065,6713),(2083,6090),(3640,8871),(681,1535),(9336,4606),(4875,3741),(4495,7940),(8114,7103),(7029,9670),(226,6045),(1482,7798),(9093,6390),(4340,3963),(8082,7783),(6184,7620),(517,3086),(3979,353),(8097,3842),(9533,1881),(6692,4654),(5440,8488),(5209,2258),(3445,4741),(6529,8848),(6555,8838),(4914,1923),(591,5112),(6479,7786),(6337,2699),(9795,7441),(3892,2228),(4798,6113),(6476,9469),(2996,2512),(9006,9885),(9023,1358),(3424,404),(2108,4071),(335,4303),(2405,6320),(2841,4992),(5801,6343),(2679,3939),(4708,9955),(3724,7327),(9988,1922),(1756,91),(2967,2413),(6470,9816),(4555,692),(7105,2567),(7150,4684),(4349,3837),(4595,4365),(8654,8693),(409,8639),(4912,8414),(3275,3777),(3287,5121),(8003,8024),(1229,9556),(5820,5573),(7497,2570),(3397,2461),(9999,4892),(77,3479),(7527,1535),(8995,9231),(5487,5809),(2341,4215),(7711,2123),(952,9495),(173,3393),(1484,5021),(2375,8439),(1720,192),(2082,142),(8264,6701),(7966,2351),(5554,9113),(5504,6772),(5545,3643),(5065,860),(5050,3140),(6933,7530),(9836,5939),(3240,1056),(1680,8410),(3403,3533),(4608,7805),(6094,8072),(5183,1741),(4211,8586),(4506,5234),(6662,8594),(3795,6408),(9895,3089),(7613,2953),(7472,6446),(3434,4035),(1649,7685),(1994,5572),(6476,5121),(4791,805),(5255,6064),(7653,8110),(3996,8818),(982,6433),(5105,5663),(6778,820),(3792,6505),(4515,2108),(4400,3475),(644,5680),(8533,9060),(7435,7963),(6631,7441),(9785,1191),(2261,2486),(7982,2250),(4045,5900),(2759,4169),(9003,7881),(5498,8641),(6150,1219),(5588,1557),(2980,360),(4268,4947),(9775,5491),(6578,9443),(545,8783),(6293,7937),(1955,9368),(2884,9645),(7259,8315),(2376,7002),(4665,2501),(4008,1873),(1747,3304),(2604,4382),(6112,6191),(6750,1566),(7086,4466),(4645,7562),(2322,866),(9079,989),(2148,7033),(7054,9360),(8579,282),(7246,5016),(3049,2303),(3332,3785),(7199,2807),(5926,1212),(3799,3343),(3396,9325),(1951,6147),(3522,3004),(7824,2068),(5934,6395),(338,1448),(126,7385),(1651,3110),(8555,5388),(3591,8956),(9171,723),(6925,39),(9137,4951),(2944,2958),(9295,3034),(3940,755),(940,2885),(7538,5494),(9991,8657),(5408,687),(1532,656),(6518,3346),(1556,3165),(2877,7883),(7258,1768),(9232,5667),(7196,7125),(7662,7321),(1005,1358),(2381,5187),(982,5797),(6009,1036),(7076,6567),(2731,6178),(3882,1544),(9283,3869),(7031,4943),(4691,5168),(2700,2488),(7107,2674),(9534,5622),(2816,4512),(6302,5484),(6628,5899),(3313,7794),(8752,9517),(8760,8825),(1369,7542),(3103,7062),(110,7718),(6569,6384),(9207,9345),(5928,4358),(6980,9642),(9883,4158),(7097,8616),(4804,7331),(2441,7943),(5696,4785),(8811,3212),(6521,4246),(7367,8882),(414,8477),(3483,8441),(3080,5810),(9837,5733),(3284,6489),(8187,7603),(9637,6783),(2504,7784),(6100,5284),(1532,1410),(8513,3584),(7870,3540),(3589,8623),(6510,6098),(769,4906),(2028,6349),(4383,7313),(3779,5709),(6256,8065),(8330,9242),(3678,1138),(4866,6106),(2094,4990),(2876,6720),(7247,416),(6679,8682),(8354,9873),(5876,8644),(6001,2527),(9065,9365),(6005,2477),(9605,5896),(395,8772),(5501,2789),(2193,5111),(5624,1776),(3156,700),(4835,5105),(1483,5589),(5552,6707),(9222,2503),(2103,8432),(8647,8911),(363,420),(2718,637),(591,8550),(1193,5201),(948,7058),(8089,2713),(7030,6929),(6620,1822),(1345,7504),(9729,3579),(6660,2564),(2303,159),(7639,4689),(7904,4634),(4411,1649),(7445,6876),(8246,5819),(6058,9923),(3491,8386),(4920,7068),(2044,6467),(2303,180),(9578,390),(7229,3515),(9105,4240),(2173,8560),(3752,9652),(8530,2204),(509,5517),(7438,7102),(818,3831),(8728,7272),(4961,1358),(2278,6364),(4537,650),(9631,5353),(3250,8641),(1839,7951),(4541,172),(3952,149),(8389,53),(6749,3163),(5675,1630),(8759,3409),(1204,8881),(5916,2464),(3099,3662),(1444,8602),(1373,7079),(236,1048),(7804,3633),(4010,8731),(8777,1840),(7504,2433),(7464,6024),(2627,5698),(364,2035),(3418,1896),(5888,3394),(1819,2797),(483,691),(1311,9575),(7119,1685),(3208,7864),(8467,2263),(9802,9929),(4301,4096),(3018,5912),(3804,4306),(8738,5617),(3704,5377),(1465,6202),(7635,7810),(2288,3726),(3538,6297),(1814,506),(1677,8984),(3951,5911),(5652,976),(8588,5777),(788,2821),(6185,313),(5476,6924),(2356,2569),(2631,9206),(8720,9842),(9777,8806),(7985,9855),(1865,3227),(672,7968),(5881,4986),(3587,2949),(3324,7825),(7016,9677),(9197,3337),(9722,3472),(1530,8771),(2017,7097),(5573,7804),(5352,4482),(4623,2924),(8908,9837),(4063,5288),(2865,9249),(7535,1302),(7107,8280),(9669,2378),(9527,8574),(8559,8728),(9007,6041),(8998,8292),(7290,3533),(7124,1134),(1965,170),(111,6830),(4219,2860),(5496,4129),(7231,944),(9752,9343),(3897,5218),(2046,9150),(9948,2718),(2838,7191),(2267,2186),(358,9335),(5170,4690),(9247,2804),(8335,3708),(1785,9106),(6363,909),(828,2064),(4031,2466),(4861,5030),(9561,8038),(2197,1384),(6735,6559),(7401,4783),(3676,2224),(8494,2268),(1096,2427),(982,8621),(4456,731),(5883,5608),(5405,4399),(2100,8974),(9541,8544),(7919,6523),(6351,1594),(3442,2593),(2466,5685),(7005,5472),(3155,4222),(3462,8406),(6087,6860),(3318,4323),(3260,8895),(4021,6372),(8688,183),(8647,2727),(8404,3492),(3189,4304),(5778,677),(5634,1969),(8167,7955),(7095,6995),(8595,3840),(8352,3914),(9424,6225),(9863,7125),(9080,2406),(7970,8215),(6135,4141),(8492,1766),(7347,6491),(3853,4913),(551,8711),(2720,9077),(4952,4039),(9272,8569),(800,6638),(7146,5600),(24,5934),(3529,9028),(885,519),(3218,5332),(9872,2011),(7606,5028),(6351,8322),(5284,9427),(6709,8735),(5723,6825),(7090,2840),(753,2269),(3851,5852),(6223,3410),(5203,782),(4146,559),(6339,1433),(6948,4250),(5176,9888),(9993,6344),(1391,4280),(6183,5581),(8239,9567),(8643,4602),(5605,3731),(5377,886),(9193,1155),(6210,5766),(9356,3147),(3876,8520),(226,2669),(1551,232),(71,228),(6201,8980),(6179,4051),(712,8782),(5179,6554),(9179,8049),(8748,239),(3062,3483),(2750,4760),(7993,4806),(1960,7158),(9812,1870),(813,2231),(5724,9183),(9193,1194),(6533,7374),(9361,4270),(5855,1700),(2298,7284),(1155,7016),(7823,5415),(9842,7740),(4185,3413),(4058,5448),(4062,7343),(9196,6115),(5683,6593),(7118,1069),(199,8058),(6428,2728),(6750,4633),(8637,3310),(6009,1854),(9160,7604),(6676,3366),(3007,1922),(5855,7616),(7992,4301),(4882,2414),(1441,5301),(5889,6715),(5322,8009),(7129,50),(1925,7719),(7917,9562),(5140,7640),(4074,5515),(1193,9628),(6001,6114),(8739,9034),(6796,191),(3888,1644),(5879,943),(1523,3380),(7903,6845),(9908,5992),(2396,1506),(6139,2431),(8080,607),(1267,9791),(8150,4566),(3998,5135),(6398,528),(44,8842),(9045,3832),(6628,8287),(4112,9506),(5505,1651),(8748,3801),(6799,2100),(4381,9851),(3787,5375),(1911,1188),(4544,2691),(4511,2594),(8674,5864),(6933,8096),(9295,221),(42,9572),(8264,2222),(3459,4326),(8789,8029),(4017,4240),(4798,4262),(486,6421),(1245,1021),(6136,2697),(3453,4985),(7587,1397),(8031,4210),(548,7012),(7019,5928),(7489,7393),(4455,9804),(1636,315),(929,2464),(2019,1110),(5999,1413),(3761,6879),(6732,8150),(9691,1735),(1472,1962),(1204,6138),(6867,4096),(608,8259),(2062,93),(5445,8233),(1581,6417),(5116,378),(9651,2238),(5760,1453),(4904,8446),(5351,5165),(7377,5502),(2863,7738),(6263,4935),(2193,3514),(5734,7179),(1425,7636),(8230,2932),(8500,5329),(4544,2243),(8821,8678),(4944,6271),(5971,5123),(482,8226),(9044,5486),(6005,1313),(8941,926),(4302,7371),(5824,9858),(9829,4296),(7312,1992),(1007,8800),(9432,4614),(9826,6631),(6365,6088),(171,1603),(7341,4235),(5056,6689),(1612,5534),(6669,6428),(6710,1702),(1195,1820),(2898,4166),(1275,6168),(7082,1468),(969,7543),(8789,7873),(665,5292),(7348,7888),(9342,6464),(1952,991),(1351,8145),(9556,6485),(8221,6505),(1445,4440),(4194,9619),(4826,7255),(3325,3083),(940,6403),(7534,5336),(532,1978),(8143,625),(1855,4325),(5138,4287),(4695,1105),(7677,8659),(1565,7734),(74,6524),(2255,2785),(5100,1731),(3498,6708),(3417,7874),(9877,7732),(7061,9704),(2020,4405),(1819,2320),(9044,7036),(9158,3450),(7412,8819),(7962,4764),(9433,627),(2405,2343),(6517,113),(5326,6724),(690,4903),(9404,2092),(6935,2398),(1984,4594),(140,233),(401,3833),(8049,7990),(5859,6450),(7289,2998),(3000,7773),(6872,388),(7562,4088),(1022,4661),(9446,2314),(8062,5747),(2597,415),(9736,9184),(8203,940),(3430,1312),(743,7961),(2670,3183),(2378,580),(1656,9898),(4641,8231),(476,8946),(5722,568),(8466,7505),(7863,1853),(2856,1098),(1107,3031),(8219,7264),(8762,254),(9443,1319),(3208,9666),(7663,148),(8148,4959),(5969,8435),(6516,1836),(1291,5242),(6259,4114),(8281,1141),(5263,7685),(4261,3729),(2327,7839),(2307,4399),(589,2038),(7013,9707),(4731,4802),(2490,7796),(1963,1499),(7629,8745),(7480,8806),(2800,5444),(6678,6169),(2119,9394),(6351,9084),(3926,2866),(6122,4635),(3113,8455),(8400,8037),(6709,9761),(9471,4428),(7396,2423),(7084,4151)]

Test 4: [(3,4),(3,4),(3,4),(3,4)]

Test 5: [(6801,919),(7494,5944),(7604,8166),(5638,9046),(3262,6800),(2772,1535),(5018,2464),(7674,9394),(177,1455),(5188,6648),(8979,9153),(3569,6932),(5949,9530),(4448,1791),(7785,8548),(1356,9726),(3395,8411),(4496,7363),(8108,1808),(6813,3972),(7299,7234),(9068,4767),(1801,7215),(9893,731),(7399,9647),(1438,4952),(495,546),(6817,5040),(2016,6426),(355,6967),(179,8721),(6610,6765),(1775,8662),(9830,2320),(5822,3398),(3429,3664),(9953,4908),(4928,2159),(4994,4727),(4319,1980),(8842,4874),(3484,7198),(4416,5955),(8156,7987),(6917,9625),(800,6266),(6858,8215),(4457,4312),(7295,1616),(2739,7446),(2126,5209),(4421,302),(4986,4310),(4109,7751),(3838,405),(4418,266),(9031,1168),(1535,5256),(8504,3136),(1311,8373),(3819,6248),(1587,1739),(1017,968),(7069,3201),(4759,5725),(6666,2846),(810,6876),(4663,504),(2538,6268),(6022,2388),(5544,6651),(2730,5017),(140,1767),(9915,9320),(2050,6022),(4412,6081),(5634,4313),(9240,4301),(1832,7130),(9559,10),(6020,1671),(8104,8987),(2829,9579),(5711,1151),(6282,8428),(9979,6690),(8459,3791),(6127,7162),(6274,3186),(5093,7010),(315,9090),(5867,1904),(8562,3277),(4559,9537),(9028,6487),(6513,51),(6572,2091),(9432,3217),(3282,1880),(6862,9837),(1406,6801),(8074,907),(3729,6239),(1274,6546),(8341,1194),(6271,1377),(2772,8336),(57,5756),(8378,7062),(1419,1637),(7447,216),(6980,7996),(5018,49),(4439,2760),(6513,3344),(6803,4120),(5041,1536),(9512,8556),(6795,1005),(2265,1215),(9709,2494),(6373,3175),(8728,3581),(536,7787),(5791,4000),(263,3393),(7833,995),(3014,4098),(3270,2638),(6959,4480),(1882,7563),(9116,9323),(6196,4595),(4398,1681),(8193,1755),(9487,3150),(9454,5409),(4481,1767),(569,3945),(8475,8373),(5249,2665),(2105,9146),(8209,7759),(4110,2946),(3130,6927),(441,6273),(8518,323),(2725,9831),(225,6837),(8509,3235),(6115,8469),(6159,7382),(8190,8491),(8549,8128),(1480,7684),(5838,313),(907,7368),(4582,1343),(8886,6700),(4107,1627),(222,130),(3346,8913),(4735,9368),(4026,5818),(873,5949),(1507,2396),(784,5901),(3094,9947),(135,3920),(594,4662),(3723,8644),(737,341),(871,9948),(599,1220),(1487,2993),(755,4604),(4788,9063),(492,7481),(5891,3167),(2183,9318),(3011,7496),(8227,3117),(8298,9078),(2603,3454),(1912,1255),(9354,1588),(4798,1639),(2502,3087),(8708,5890),(1329,1231),(6770,8543),(7019,3501),(9722,9614),(1392,318),(1528,9075),(8338,1770),(7628,4112),(5854,7995),(3199,5197),(8282,3736),(3621,5307),(3857,284),(7556,1489),(5751,1737),(4007,6238),(2650,6073),(8210,249),(710,6948),(7163,9715),(1965,3910),(1408,4450),(6377,188),(8191,8036),(907,7056),(3663,8640),(1373,9000),(294,8831),(9511,1665),(7861,892),(7096,8922),(9940,3208),(4080,8611),(1919,882),(5278,6793),(1817,7506),(2330,4345),(5232,8547),(6086,6117),(9396,1606),(4849,9237),(1866,8899),(2568,3067),(3544,8598),(3655,7645),(4729,4317),(1120,4566),(903,5176),(4301,6219),(4565,9858),(8474,4108),(1497,3451),(3828,868),(7958,9400),(8685,4948),(7354,9877),(8829,1801),(3361,8034),(6719,9265),(2034,2340),(8006,3989),(5016,5692),(6169,2194),(6117,7621),(424,796),(5014,5216),(5417,8474),(7896,6489),(8803,4354),(4371,1564),(1395,743),(5315,5531),(8451,1554),(7530,9012),(8140,1656),(4919,3718),(2171,8606),(3307,8739),(236,9263),(7423,4837),(9314,698),(6808,6032),(8045,2965),(8816,348),(7140,675),(5646,2507),(3245,8864),(8042,7549),(5599,6868),(1287,8061),(8833,8149),(8525,7728),(1963,4901),(1319,6018),(9345,7272),(337,2563),(7979,3281),(2125,367),(2261,4182),(6624,490),(548,1012),(4013,7977),(9600,5824),(5482,3241),(4216,6303),(3634,9792),(7499,8228),(7791,7997),(60,4600),(6756,7076),(3531,2893),(5515,6984),(1932,1395),(1466,878),(8366,5024),(8442,7443),(9706,9591),(9477,4297),(8505,2513),(7827,1441),(2484,4555),(4247,8871),(9404,7475),(1682,4848),(8187,3079),(8408,6702),(7331,7546),(3601,2055),(9088,6680),(6224,6190),(1567,7994),(1643,8551),(5491,7678),(4192,6957),(318,9337),(4096,209),(9189,6555),(3658,5448),(57,4636),(7413,4452),(7768,6964),(638,4556),(2311,2486),(7178,2546),(4375,6909),(2654,8299),(1583,6479),(3176,1330),(6151,3308),(3804,436),(9156,8999),(4265,8079),(4620,3268),(7986,7907),(4198,8736),(5889,8899),(9408,9802),(8432,4553),(4013,7010),(1633,9437),(5485,9799),(2526,5685),(5193,8786),(3735,3437),(2032,706),(8832,7165),(8530,9743),(9155,4900),(6156,1039),(4475,60),(5511,4046),(7438,4749),(3006,8163),(7247,6541),(7804,5211),(7964,9015),(2302,4535),(4780,3791),(3369,8869),(1775,2975),(7139,2849),(1786,3911),(9635,1168),(5677,5493),(4631,7811),(7877,2553),(907,944),(217,557),(8626,5315),(5726,9306),(3065,9147),(3954,7419),(5311,9083),(4843,5520),(731,6162),(4443,5861),(1974,1471),(9077,9190),(1106,5531),(987,2794),(9479,7871),(6138,6177),(971,1444),(1815,4826),(6252,6494),(8766,3787),(8074,2047),(1987,3893),(7664,4497),(6129,526),(1209,9170),(7923,150),(9593,6163),(7407,5924),(5974,5661),(1168,5881),(4954,2841),(5323,3914),(6912,3238),(3784,5092),(811,6142),(2261,8258),(7926,3337),(7033,6196),(2517,9730),(9161,4458),(5346,1600),(1437,5414),(888,8915),(7588,9281),(726,2264),(2092,9463),(6291,9718),(7950,532),(684,7934),(9970,8522),(9500,7875),(1723,6843),(6245,6863),(2906,7404),(9406,1607),(237,3161),(8026,3353),(2470,4988),(2969,4612),(778,315),(9799,3814),(4895,6217),(7295,770),(2359,4772),(3504,6584),(201,8635),(1766,9498),(2439,6549),(7764,7823),(9924,1295),(6783,2719),(3521,5153),(3081,727),(9663,6464),(3821,9954),(8769,5514),(8636,8194),(5158,7911),(9556,4799),(5029,3269),(6639,4846),(9182,701),(9525,5662),(6939,5550),(8387,6228),(2835,1231),(6336,7051),(7721,1998),(3178,6115),(7171,4468),(7089,6965),(4804,6060),(4679,8587),(6102,4992),(3331,1545),(110,1630),(782,368),(5076,5539),(6657,1837),(9260,8982),(6062,4187),(3773,6017),(2659,3528),(6380,1453),(8099,7129),(5104,9389),(8140,9104),(7396,6387),(3518,2536),(5599,3848),(2366,1933),(6326,7213),(5411,5353),(2508,6407),(3669,2703),(9461,1473),(240,1248),(387,9665),(5605,5599),(1997,8880),(2299,5260),(1568,9566),(1127,2866),(2628,6899),(7758,6562),(6776,354),(7701,8535),(6649,5239),(8022,1419),(7733,4271),(7389,4170),(2110,2788),(9054,1289),(4452,7971),(998,6817),(5527,9584),(7992,3000),(1117,783),(6527,4295),(2910,6605),(3863,5852),(3319,8597),(2338,3867),(7506,44),(8094,9412),(701,8011),(451,6519),(9211,5536),(4617,324),(7875,5044),(8293,3843),(2328,2872),(9394,2387),(1241,9283),(9955,5938),(8201,3375),(6145,7361),(8951,4111),(2221,4548),(9863,6969),(9874,5000),(2736,1108),(3229,7188),(3405,6004),(1380,486),(3710,3807),(5456,8528),(7815,6400),(7050,8426),(5879,3915),(5412,4708),(8354,5049),(3563,6177),(7012,5627),(4610,4268),(2516,6200),(7466,4469),(735,1745),(3609,5878),(9946,2358),(1429,4697),(2725,7736),(533,7254),(5547,1126),(6497,219),(779,8292),(1301,1003),(3539,5770),(398,1734),(8657,6299),(1679,8014),(6739,9168),(9859,1780),(947,7086),(6137,694),(3260,9436),(7559,66),(7466,4285),(7449,9128),(4771,7561),(9355,9284),(8593,7355),(4202,6384),(9511,5562),(6123,6530),(500,133),(8998,1039),(9498,2768),(2110,3261),(4386,9387),(2137,8475),(7350,5419),(7450,8943),(5327,1293),(951,5152),(6518,4261),(4428,2521),(6462,4201),(5388,3669),(6128,1733),(8975,6365),(9848,1061),(9215,312),(6712,506),(5680,9252),(6967,5504),(5000,2730),(5280,7096),(603,87),(3356,3292),(9324,7876),(9407,9669),(3964,4598),(5490,2835),(8927,7850),(7996,2021),(9820,3705),(7645,1423),(8263,6992),(214,3253),(6963,7808),(3442,6077),(2191,9908),(1107,6845),(1505,5846),(5135,9049),(3602,2051),(7190,6128),(4515,5738),(1651,3945),(1057,5776),(9589,2376),(7475,8526),(7481,3725),(6009,9170),(708,3435),(3839,8046),(8154,4770),(2480,1858),(4900,6731),(6838,7290),(6871,3468),(7645,1876),(5013,4899),(7705,9766),(2419,7139),(6230,9548),(6238,4268),(7722,1046),(614,8370),(3959,797),(7083,8537),(8397,3555),(8384,1858),(5876,6552),(516,1328),(9886,8244),(4923,3908),(2903,967),(6235,6173),(7591,4222),(5725,7371),(4726,9369),(1734,3995),(9478,863),(316,5326),(584,3064),(8661,4928),(6915,757),(9823,1317),(787,7103),(6691,8381),(561,562),(667,86),(3508,8314),(1605,4413),(9995,9608),(5249,7175),(6492,349),(8983,5816),(9776,5375),(9669,9001),(1027,1936),(9063,29),(3472,3456),(5989,6172),(8572,9045),(9199,3184),(1783,7619),(1339,4589),(4764,2365),(1571,9648),(9592,5421),(279,8406),(3387,691),(4702,8271),(9779,7676),(2297,2017),(2936,925),(8935,3754),(4128,6256),(1991,4586),(6129,9950),(5702,1368),(8890,3539),(7328,9995),(4677,5824),(2220,3393),(5328,6590),(5829,4948),(2551,2793),(4535,5176),(5361,1972),(6847,9995),(2569,8337),(7119,7056),(692,848),(3168,167),(9185,7046),(5546,2539),(8863,3002),(1044,3570),(450,2765),(1210,4051),(1616,9504),(5742,9122),(3236,5636),(1453,1395),(4853,6958),(327,9363),(5466,5473),(1388,7147),(7351,316),(2568,2718),(3262,220),(7565,8448),(9205,7647),(3098,2948),(4802,5942),(156,4831),(5257,2089),(6000,8708),(6609,116),(1072,4742),(7694,200),(9871,3581),(6659,653),(5148,460),(1054,5270),(5879,8580),(252,6940),(5911,4102),(2353,4211),(1165,3660),(1498,2577),(4945,548),(7315,3784),(2976,7406),(843,8162),(9682,7783),(5867,6081),(7515,8709),(6223,6414),(7923,7618),(358,4540),(3670,2288),(6613,3879),(9663,2187),(1640,4743),(6924,6736),(9046,2154),(6136,2281),(9254,4565),(4516,3349),(5474,3727),(9710,8480),(7420,6499),(446,7928),(6086,957),(4191,7009),(8833,6010),(8128,5743),(8689,7704),(1009,5985),(6995,7999),(1585,3975),(5000,4673),(8285,1643),(8426,4271),(8612,4648),(9461,2859),(8973,7557),(8386,4690),(379,6591),(6114,2777),(2679,2505),(91,1383),(1929,1053),(9499,7815),(7243,9528),(4599,4149),(2292,6614),(8228,27),(4711,7955),(9242,4611),(8904,7093),(5535,8725),(2418,6260),(5769,6317),(3036,8100),(4323,618),(8412,6212),(4184,169),(8731,7989),(5018,7320),(7779,8846),(4844,2833),(9189,6901),(208,9693),(5228,7391),(4712,6097),(4500,530),(1712,7473),(7534,3481),(1316,3898),(5063,3122),(1690,300),(588,1230),(1113,6539),(3771,3792),(2702,6819),(1805,1833),(368,6013),(9105,3876),(8429,8716),(2870,4371),(8004,3139),(8749,3660),(8692,2626),(936,486),(796,6332),(1180,6041),(8603,9009),(5111,4064),(5701,7533),(7719,5042),(3467,1379),(2716,8397),(8664,5590),(4704,2486),(6814,72),(8437,5661),(8257,3899),(3427,5088),(4604,3566),(3159,4217),(8047,2155),(4687,3639),(959,8446),(4961,2943),(3125,6018),(8637,7458),(1515,185),(341,7303),(7054,7636),(5238,1386),(9773,4417),(7761,968),(2636,7210),(1443,5269),(7877,4099),(9597,2904),(6644,8444),(7275,2108),(5816,7642),(9508,9864),(2471,5789),(3643,4591),(3532,5146),(8245,7903),(5722,4515),(9606,7540),(3166,8230),(2942,3816),(6269,3076),(8799,3833),(4437,7973),(8147,4268),(2797,3407),(4583,7602),(9496,8737),(7859,891),(3443,2001),(3605,6066),(4145,259),(2319,6654),(4417,4188),(7028,7035),(7938,5649),(1329,4401),(8214,3763),(4867,5531),(1170,7096),(9897,4090),(7798,6121),(8673,4132),(3860,9873),(5668,5822),(8585,2206),(1160,4997),(8763,6638),(121,3145),(4645,7431),(1992,9675),(7704,5978),(344,903),(3066,6405),(9713,6434),(3301,4408),(2069,5981),(497,5099),(5486,4200),(436,4198),(6385,657),(654,4291),(3908,5746),(5917,2204),(3119,6916),(2773,2179),(4581,1636),(6982,691),(2631,1357),(5162,3120),(8591,7377),(9249,1879),(2698,8915),(691,4770),(1469,9016),(4332,4358),(7744,7723),(564,3307),(9360,3972),(3096,235),(4005,9167),(3461,9508),(8294,4112),(7195,4136),(7408,5605),(5093,315),(8075,2983),(598,3786),(332,3155),(1736,5649),(7849,5159),(8686,1292),(4832,4302),(1152,8628),(2148,1637),(8860,5403),(4153,214),(4518,5647),(2870,6900),(6110,9916),(7208,4678),(2759,2395),(816,8114),(7290,9457),(1313,842),(6322,1428),(6283,5553),(600,3084),(4386,3270),(3846,6059),(2056,2361),(6257,1457),(3841,1274),(3680,1057),(6355,9241),(2377,3491),(9553,8025),(750,3392),(2256,5998),(9988,3194),(1115,8363),(7835,9710),(8930,1351),(8585,1561),(231,1924),(6555,401),(8665,6077),(423,3755),(2632,9276),(4211,2726),(990,2782),(6771,4320),(8153,4384),(1539,3433),(4303,366),(9330,5087),(4338,9550),(2154,3084),(387,1370),(8076,8740),(424,4590),(5031,2427),(705,1188),(4588,8646),(8226,9368),(7849,967),(8100,6079),(6873,6033),(7481,4233),(4073,9329),(9821,773),(3143,4689),(4173,7363),(8975,3512),(6304,3984),(1251,2283),(264,9948),(9057,4457),(9084,6719),(6199,9332),(4380,4320),(3169,2609),(6100,2473),(4476,7141),(8610,2125),(3368,1087),(5099,1976),(4128,8952),(3880,323),(2593,9598),(10000,8295),(26,8827),(6239,2754),(1899,1890),(3248,4841),(5850,327),(8231,6466),(761,2148),(1647,3064),(5621,2253),(9933,1493),(9757,8794),(3800,2251),(3737,6248),(1103,4022),(9706,7236),(4263,9770),(2088,552),(5559,1488),(7847,9680),(3961,4742),(2135,8763),(6188,3132),(8241,1591),(5427,8101),(146,2428),(5998,8402),(5819,2486),(6371,9768),(6080,3202),(1402,2049),(7160,7145),(9473,7008),(4060,9349),(4421,4945),(4113,8243),(4308,6269),(7616,2732),(6302,8442),(731,6956),(7883,6821),(7395,3080),(3694,4659),(6992,1641),(9821,1212),(2325,8700),(4141,4755),(1081,5945),(5510,6779),(922,7030),(3849,5833),(4214,2023),(252,2662),(9438,5259),(4845,6870),(5325,3468),(4700,4603),(9998,6484),(4291,9418),(5235,3997),(333,4504),(3054,7407),(1226,8535),(6582,2914),(3240,8517),(6382,7876),(8406,3474),(7976,6756),(3950,4220),(8912,5709),(665,7862),(5344,6972),(4427,8270),(4644,2124),(7695,6818),(7711,3311),(3383,5444),(1378,2279),(4451,220),(9103,9052),(9501,2725),(2407,9935),(5163,5530),(2162,4591),(3563,4035),(6525,387),(3010,78),(7631,3288),(6043,8005),(7295,3116),(9134,2772),(6116,336),(3108,8769),(4989,2450),(3861,2632),(9343,781),(6266,8033),(710,4678),(2688,7638),(9730,8748),(3233,7647),(8275,906),(1179,2073),(129,4708),(2310,9435),(4383,370),(7025,8863),(5140,6717),(3873,1194),(6374,7103),(3899,8446),(4279,4153),(395,9366),(8769,7379),(908,5549),(6247,9548),(3505,4402),(3431,4856),(521,4951),(2582,3080),(6670,7307),(626,1778),(4362,2840),(9033,7260),(7376,343),(9097,5840),(436,6371),(3826,6108),(6094,4283),(4996,9964),(4829,7305),(4425,8703),(9480,4529),(1469,9068),(5397,1860),(5735,2215),(2557,8580),(873,7508),(5760,5387),(9764,9278),(563,1806),(6197,7276),(4780,5679),(8602,1102),(8430,1943),(3618,8022),(6926,6431),(8827,3634),(6220,5416),(5938,4794),(2506,6109),(8960,3696),(5989,3095),(8780,4465),(4550,9252),(3036,1552),(8388,9449),(3018,5086),(3919,6721),(6808,9277),(2306,9412),(1532,7173),(6295,8335),(8030,2000),(6217,8163),(2119,1882),(3950,1160),(7173,4923),(9407,3417),(8864,8670),(2852,2126),(1275,853),(9275,3904),(9053,21),(859,8167),(5294,4344),(425,9256),(8340,7200),(1192,6182),(6807,7514),(5381,594),(5500,3804),(2137,7289),(5983,6020),(9984,3424),(963,6132),(615,2391),(2963,5234),(7452,6541),(616,6664),(7418,6868),(6052,5346),(7936,1339),(42,9508),(7474,9965),(3127,1672),(3759,8863),(9678,8878),(8737,3475),(6064,2142),(5677,8666),(7111,314),(1130,4069),(8834,3410),(599,720),(2340,1116),(2526,7152),(447,5946),(1708,9124),(8794,8138),(5919,1001),(1802,6382),(4025,6768),(7571,3350),(3006,8437),(3870,4885),(3866,4880),(1585,4297),(4363,4544),(971,1347),(1211,9605),(4758,5836),(6059,1083),(8503,8317),(5264,3101),(849,2977),(9450,2751),(5383,3024),(9992,6712),(3167,462),(6434,4681),(5291,7180),(3071,7116),(3989,6255),(7240,935),(263,4271),(1849,2249),(8113,4453),(8743,2135),(3592,5671),(2893,752),(8056,8604),(2017,4533),(3189,5008),(4931,5397),(5873,6789),(2916,937),(9870,1636),(4775,6445),(9887,160),(5394,9602),(1941,935),(3780,7267),(6589,116),(1283,8218),(326,2174),(3460,5971),(8551,740),(6690,5949),(2382,2396),(6074,6782),(3439,2465),(5334,5696),(8087,2419),(61,4585),(5425,7781),(8329,675),(3981,8240),(2933,1831),(3971,3065),(4730,5701),(6988,5241),(4690,4428),(6454,6126),(8271,8963),(559,6477),(8011,8858),(3094,4660),(3054,3507),(5847,8189),(1979,8114),(1545,2394),(9166,7576),(1732,8694),(5653,9169),(2071,8623),(4899,4202),(9939,6492),(2755,9307),(8400,491),(6389,516),(197,7665),(1690,6400),(9902,3065),(9386,5209),(2466,7698),(4547,6244),(6997,2275),(1769,5581),(262,8434),(872,8061),(3299,951),(1081,3341),(900,5442),(6148,3546),(495,9990),(2944,1093),(2737,9182),(8230,9693),(7906,7721),(2202,6060),(9439,761),(4907,9742),(6982,5952),(6775,7574),(2861,4684),(9948,5890),(6280,1043),(1784,143),(7795,7747),(3488,9652),(6828,8940),(646,9700),(9112,5258),(5080,7073),(6579,5117),(2812,6484),(9069,7045),(2149,5991),(6429,3673),(1502,7894),(5603,4256),(5117,2686),(6789,6454),(6706,9424),(6471,7278),(9162,8370),(8145,5953),(3647,1465),(9805,3774),(4728,2742),(4694,4660),(4251,8384),(1005,60),(9076,8448),(3626,4109),(5582,964),(6808,4972),(4282,8228),(77,1029),(7278,8984),(5281,7031),(6600,6735),(8133,5070),(1675,2252),(1398,5565),(1509,959),(5110,3688),(8327,9438),(6745,3814),(5149,3116),(2276,8439),(8751,7259),(4350,2993),(2354,5233),(4540,3329),(4017,5036),(9733,2945),(8398,6932),(3135,1221),(7780,1257),(8810,8283),(7663,8062),(5806,1559),(4722,449),(5022,2184),(8241,5124),(7373,1005),(4027,7715),(6077,5393),(4936,8431),(4392,122),(3413,4518),(8849,421),(4052,295),(4886,16),(8125,2030),(4203,8148),(6679,3423),(3129,721),(2413,3262),(3209,2510),(5938,1290),(5869,2128),(3381,7122),(5472,575),(2254,8493),(5140,1950),(9895,2893),(1863,6232),(979,1691),(7135,4463),(710,2138),(3148,707),(1272,1035),(3928,938),(8600,3938),(3613,3993),(4640,844),(1090,4738),(5166,2742),(5929,2019),(6029,9777),(7715,4854),(1893,6445),(3987,5774),(3167,6455),(1485,5860),(2303,8982),(6044,3304),(72,3119),(4881,8791),(6204,780),(2989,8369),(8630,7748),(7461,1311),(6923,8364),(7942,5965),(1574,8197),(2517,9664),(8733,1297),(1659,8534),(6401,3085),(6457,8369),(4707,4548),(6099,7219),(194,4727),(6445,5454),(2681,1864),(9488,805),(7230,8868),(9888,2548),(9144,7405),(2809,8769),(5060,1330),(9514,3779),(4502,4285),(6427,6385),(6004,5794),(8797,8023),(2980,2209),(6646,1591),(8410,380),(4215,6977),(65,4083),(9623,9210),(6303,676),(7141,9154),(2547,8897),(4365,4119),(5038,8234),(5773,5526),(5393,5724),(1261,6123),(6776,5393),(4701,6001),(5998,9375),(6906,5566),(8258,3928),(6791,5508),(5048,6397),(5736,171),(6890,1810),(6439,6642),(2084,2288),(877,1150),(9325,9694),(1201,7473),(5273,5617),(8828,684),(6061,2094),(9320,7535),(5509,6130),(2898,4711),(3127,2612),(7275,7041),(3004,4521),(2884,1932),(3296,7740),(5505,7498),(2878,7805),(4818,2068),(70,1363),(6630,8653),(1665,1782),(9645,1172),(8902,3322),(9373,2551),(9965,2306),(2174,3251),(5818,7635),(4401,5209),(3719,9916),(2065,2140),(1596,6757),(3021,3932),(9587,1602),(4368,7158),(502,7415),(201,4304),(9011,5917),(9795,7914),(7402,3965),(7739,5417),(8977,3949),(9288,7174),(8108,8089),(2418,486),(5000,2495),(1172,2332),(3655,8951),(7057,7388),(2486,7103),(7342,4178),(5763,1353),(1977,6518),(5081,1104),(4664,3017),(9653,7985),(8364,8532),(8372,3762),(394,5647),(1767,2419),(8295,185),(1646,910),(635,2673),(5019,1309),(7824,4583),(9524,3512),(5038,5267),(4561,3200),(6910,5356),(6130,2378),(7441,9409),(6939,9891),(1759,2818),(2866,200),(7479,3206),(3223,2971),(6722,5682),(7153,6825),(183,3251),(2565,8380),(3604,7283),(5514,4728),(2433,9593),(9564,289),(8053,8064),(3238,5623),(2549,648),(7936,164),(4757,8968),(9058,7955),(6399,6106),(2743,9452),(8206,4824),(7994,9000),(7788,1305),(6033,3401),(5502,3221),(8999,6345),(4057,7897),(4056,9800),(6543,116),(5989,9234),(3498,6280),(3727,2913),(5419,5397),(6244,776),(7332,1220),(4199,2881),(4548,8502),(6126,7538),(1769,2605),(3948,2796),(3485,6691),(7067,468),(2071,8802),(7394,3448),(3945,5292),(6977,8449),(5146,5294),(884,4755),(8885,2962),(7391,7493),(7000,3593),(6619,9754),(1205,2719),(8222,8802),(4355,8171),(4328,2272),(9144,5521),(8438,3091),(2255,7155),(8882,2636),(4189,556),(2222,2749),(5860,2488),(169,3216),(6189,7222),(7858,717),(3253,6722),(9067,6709),(3475,9790),(4184,226),(2920,1812),(354,6844),(7132,4739),(9173,4949),(6106,2067),(4646,6049),(9570,3309),(1796,5101),(4756,6284),(2662,562),(9939,5876),(6880,9840),(3373,5555),(9431,76),(7914,7512),(3031,9104),(4425,8828),(9924,6274),(734,8374),(9016,6753),(512,2252),(9052,5765),(8300,878),(7692,3790),(6641,7524),(5129,4476),(9225,2847),(3939,250),(5998,151),(6590,2193),(836,1019),(810,5128),(5814,9352),(9563,8950),(2786,9662),(7373,2813),(2135,5656),(2148,4626),(8404,8086),(644,3093),(1148,2072),(759,6944),(6433,4297),(7300,2490),(5947,4239),(3945,4619),(5601,5729),(3062,4948),(3192,8377),(2368,3289),(5696,6548),(1874,2714),(9140,2527),(1144,9212),(4057,184),(1448,3120),(4192,893),(3211,6268),(999,7874),(326,1999),(388,135),(4925,9298),(6010,7891),(6580,8276),(1589,4740),(4815,4966),(5686,9995),(7142,9877),(9131,3191),(791,780),(1207,9880),(9570,1081),(2829,1525),(5060,1088),(9723,6853),(2824,8095),(4876,8807),(7020,7555),(2644,2922),(2770,5205),(3890,4000),(2997,8017),(5587,996),(1856,3026),(723,1460),(335,9004),(1489,7242),(5352,4717),(7518,7908),(5072,7588),(5962,4240),(7127,2837),(2741,1295),(5401,1699),(959,9513),(6369,7532),(9368,4733),(328,5410),(2007,8273),(4699,5017),(6243,2269),(9982,4587),(120,8544),(96,4183),(6724,2455),(9681,7744),(7647,5432),(8753,6459),(5959,8719),(6177,1878),(7566,3461),(2128,9270),(8361,187),(6225,3029),(1751,4508),(6369,1634),(9443,9550),(3731,1071),(7700,8338),(9883,3807),(589,8476),(2439,581),(7994,5164),(5662,8457),(262,4824),(9585,7963),(2335,8560),(7381,8133),(3925,1813),(7764,5969),(6497,5851),(8792,6596),(8738,4229),(4589,9078),(2058,2876),(1663,3766),(4337,9222),(1395,7367),(5636,2028),(2060,9777),(5458,9049),(4491,2693),(3683,7160),(577,1300),(8707,9980),(1412,9992),(2967,6901),(3803,6194),(5616,194),(4261,3304),(1015,7523),(2966,4253),(9003,5346),(7004,9372),(581,453),(3394,5363),(202,8564),(3586,1653),(874,4966),(444,171),(2588,9607),(8017,1739),(3574,8546),(6466,9465),(694,8563),(2738,1282),(7944,39),(9224,2704),(2413,9623),(4784,2994),(8803,96),(1253,7957),(824,189),(9225,960),(6599,91),(2753,5480),(939,6767),(3059,2664),(7211,372),(4629,5309),(9149,6628),(7145,1718),(6270,7859),(8034,2415),(5330,4804),(1400,8885),(3769,7250),(4003,5391),(9259,5847),(912,8250),(7696,27),(9169,9269),(9687,7688),(9637,6615),(8381,7648),(3219,1191),(668,936),(1441,5769),(2725,8871),(4137,5176),(9051,1379),(2165,1417),(3040,9872),(5339,7668),(3840,2425),(730,5214),(9404,7691),(2028,1715),(1954,1123),(1976,566),(4544,5944),(7865,2545),(9351,84),(7563,7754),(3179,6948),(7835,3669),(1729,2447),(6163,3991),(9196,9128),(6381,772),(1935,7352),(2339,4868),(6796,3146),(5128,1515),(5717,1350),(3799,7428),(3102,1900),(4816,9219),(300,3575),(5419,939),(9514,8376),(1915,386),(4577,8957),(6334,4115),(7250,257),(6720,9623),(5021,8153),(1360,5323),(2976,692),(1923,6066),(7886,9024),(3040,4248),(9656,7064),(6047,5969),(4346,9987),(7372,5251),(4658,8763),(9322,1652),(8908,9072),(6598,5513),(707,1168),(6673,6799),(8230,5116),(8441,5773),(7305,4827),(8141,7498),(7913,8272),(7054,339),(2661,3371),(7029,1706),(1258,7413),(6803,2531),(6517,2654),(9502,5469),(452,1986),(8813,8688),(119,4331),(6580,1552),(415,1273),(5693,9610),(1766,2683),(4055,8200),(6980,1189),(9854,3420),(1402,9705),(9987,5321),(3308,5299),(4702,9916),(3460,2926),(6306,4617),(1115,8666),(4251,3934),(1049,2347),(3969,6252),(2373,525),(7789,9160),(7690,6828),(5086,7471),(9228,999),(7566,7966),(3601,2017),(4540,5785),(8134,5026),(8440,7278),(7230,2964),(6221,2797),(6434,7753),(2542,4566),(7997,9630),(9162,8794),(2535,7103),(3530,3199),(2725,2317),(3042,6303),(9007,5214),(7046,1196),(2294,7285),(4036,1321),(6337,6075),(4075,5663),(4693,3944),(8920,9773),(4619,6884),(68,8465),(5358,7687),(1145,6135),(6042,5022),(7057,8547),(895,7775),(962,7579),(503,4367),(7153,8128),(7010,1002),(6937,4170),(6376,5271),(8968,379),(3165,7501),(1787,4737),(4994,2405),(9193,8852),(967,8550),(6242,4905),(8358,8336),(7957,5910),(9539,3760),(426,646),(8739,3383),(4747,1012),(2509,3908),(1008,427),(1530,2836),(7936,1341),(3344,4173),(6170,4391),(5203,525),(2940,347),(4716,1039),(9664,4256),(8185,7876),(5733,396),(5782,6346),(6929,7805),(1789,706),(7255,1645),(8689,840),(9066,2808),(1842,1247),(5480,1376),(7726,6104),(6349,869),(73,7923),(4027,4395),(2130,6143),(2401,1080),(5027,8859),(3104,4369),(2638,5018),(9140,2713),(4941,5938),(385,5162),(6545,2979),(324,2302),(2846,9366),(9263,3117),(930,2316),(8868,1801),(8269,6304),(5278,3506),(2060,6313),(9183,8972),(9535,8822),(2730,6169),(8348,7616),(1338,8026),(9851,7848),(3295,7275),(4431,2261),(4705,9856),(9415,6953),(8459,8293),(3228,1824),(5777,3132),(6689,8814),(2247,6750),(5956,7566),(9725,2961),(9657,2128),(4560,8464),(5936,7821),(8466,6364),(9275,7692),(2622,6203),(5297,8257),(4507,9001),(4180,6401),(971,4826),(4121,7334),(877,9913),(2178,6177),(6372,6566),(5749,5631),(785,3169),(1779,824),(921,5746),(3697,5717),(5733,7578),(9843,2055),(1110,5530),(6361,3656),(3480,8216),(3344,1658),(2667,5823),(2416,591),(7418,8945),(2593,7972),(4497,2613),(9119,9261),(6624,1853),(2624,8438),(6581,5725),(8490,1858),(5627,9269),(4947,3377),(6960,6832),(130,1838),(3817,401),(8138,7420),(6758,3185),(1005,1134),(5562,1326),(9707,4587),(523,5383),(7786,2938),(2835,6282),(3397,673),(8557,6228),(4546,7850),(4,1039),(6869,9727),(6612,142),(1547,5002),(3359,9175),(8856,4212),(4047,9433),(8070,7577),(9802,8256),(2567,9781),(7373,9615),(4184,6245),(89,3887),(7301,2872),(2041,3830),(1415,587),(56,1713),(4279,4555),(5311,3292),(4931,3214),(8254,7726),(3554,9930),(7128,3770),(1032,5736),(272,5144),(3469,2466),(5784,6947),(1255,962),(2368,8052),(26,7506),(377,2859),(5948,5446),(2831,5550),(720,649),(9553,2701),(5152,162),(5525,434),(6389,5182),(5867,4873),(576,7968),(6324,1504),(945,8986),(7204,3991),(7949,7992),(1582,4946),(9340,669),(7739,2720),(6990,9389),(7772,8481),(2008,4347),(4823,4653),(5667,4066),(7160,6528),(5028,9092),(3942,304),(6689,5205),(3634,7676),(6801,9298),(499,6569),(358,2555),(2130,3510),(9300,9883),(6547,7678),(8610,8115),(7088,1949),(6720,3102),(3506,3472),(4179,8136),(4269,2389),(6912,359),(5442,1984),(3644,3119),(9795,2326),(4150,1656),(1288,4005),(8768,7763),(8642,3852),(3509,9969),(8970,5534),(619,6338),(1820,8292),(5401,8112),(7133,2775),(5944,6632),(5618,3656),(3416,7801),(4523,1768),(8001,2846),(3139,9443),(5162,1992),(3059,4378),(3247,6789),(7172,9091),(9477,3720),(3877,9820),(2810,1775),(2731,5075),(9081,6803),(5465,748),(5936,2207),(6325,1899),(9219,2381),(8683,5148),(7750,5499),(1048,9102),(8648,3174),(5059,7371),(4667,8835),(1784,3438),(7253,9168),(8914,7739),(1758,2264),(2475,3886),(9355,2234),(910,7304),(7002,1805),(6425,8167),(2153,9437),(5878,714),(6603,4404),(5584,869),(5096,8582),(2128,3830),(416,3005),(4449,1225),(9053,4936),(3774,2404),(8076,8585),(4383,307),(1090,4254),(9630,9378),(8970,8558),(1118,3676),(5787,7983),(7118,5771),(7674,789),(5662,6497),(6819,2583),(681,6209),(9680,8499),(1230,3855),(8859,1772),(7486,1401),(6370,4656),(3540,9357),(7884,9598),(3077,846),(8811,7852),(5585,7480),(6826,9419),(1749,9382),(5266,5443),(6714,1168),(5593,7660),(7152,9064),(667,2233),(1698,307),(6853,5868),(9316,7930),(892,9071),(9906,4300),(9412,7008),(4700,3885),(2389,6195),(7657,4423),(2443,1366),(4136,1353),(9404,8857),(7722,2543),(8128,9269),(9508,1604),(5530,8848),(9602,9603),(39,6271),(7470,7467),(7286,1275),(4364,1556),(6037,1021),(2432,7667),(8747,2281),(7603,6740),(7542,3961),(2804,6681),(6049,8960),(2321,5622),(1708,1249),(1466,1325),(5280,1808),(5494,8793),(2905,9301),(5972,9478),(8563,9286),(2476,5872),(1931,6452),(8168,7375),(9452,8628),(3678,8784),(5416,7877),(2270,3024),(8519,562),(6042,1589),(8235,2666),(2903,0),(9812,2931),(3848,3264),(4669,1141),(7466,671),(1050,7402),(3378,433),(1737,6533),(4046,4577),(5102,9935),(6970,8374),(7267,6374),(7591,7672),(416,7121),(6854,2784),(1821,1962),(2961,6704),(9657,3507),(9958,5489),(253,6427),(501,6648),(3318,1592),(443,4444),(4796,7022),(3868,4548),(7467,6739),(6086,9129),(125,2265),(5568,2148),(251,6543),(9896,8383),(8905,2912),(1012,5246),(9235,8422),(1993,7099),(2833,1093),(7279,657),(998,4988),(1779,3461),(9027,7408),(5356,2005),(4513,1084),(605,8548),(3767,8753),(5418,9848),(5806,6068),(2349,3944),(5083,7247),(7691,1385),(994,8630),(3108,2637),(3456,1535),(8004,3284),(599,5058),(2354,6599),(1298,5127),(932,7484),(4833,8399),(9559,7243),(9475,2731),(7731,2556),(1988,5865),(9915,594),(6982,6076),(2839,1194),(6675,4408),(2390,6631),(1667,3448),(6646,660),(6545,5372),(7680,5763),(189,1766),(2067,1119),(3878,431),(385,8754),(2201,5394),(1019,7221),(3516,8376),(5042,7864),(1747,5881),(9181,5176),(1378,9675),(8238,1271),(5610,387),(1244,4021),(1465,1247),(3950,9311),(405,9453),(5447,4312),(6910,4211),(4654,7495),(7637,3716),(2796,7092),(5925,951),(1392,1686),(6730,3157),(2891,4236),(1883,7138),(2160,3077),(3929,9325),(7300,8868),(3070,8259),(8876,7076),(3752,6740),(6428,3361),(7274,944),(6583,847),(274,1060),(6297,6579),(5923,9000),(9627,679),(3153,2886),(8516,2070),(7149,8005),(5303,1294),(3066,1153),(2340,4246),(9965,9846),(6979,3815),(607,4090),(8908,5575),(2000,1772),(6509,5780),(7566,2921),(2842,9178),(8340,8700),(446,7846),(7851,7326),(5014,3787),(4827,5585),(2416,8684),(4251,8086),(5456,7216),(4322,7001),(6061,6773),(8893,9241),(4786,7829),(9046,4544),(7301,6781),(9114,2480),(7798,8400),(8363,2600),(8548,6506),(9161,8622),(8506,6118),(4638,8571),(9556,3488),(393,6996),(4476,2869),(3179,503),(5433,4075),(1273,530),(4895,387),(6391,7934),(7284,6643),(9658,4261),(7077,6246),(4546,9075),(3485,7669),(1159,5565),(9509,1584),(1068,8716),(5196,6678),(7477,7070),(4361,8896),(7731,9756),(5023,1124),(8118,9633),(7270,9620),(6458,1104),(4235,9704),(2349,3074),(4948,1164),(3464,8349),(3168,8946),(750,1014),(2058,2961),(4995,4512),(6537,8060),(9770,9169),(6091,2613),(7829,2859),(8413,9439),(2137,8625),(7311,523),(451,6270),(271,7766),(8935,2361),(2237,2257),(6764,9518),(8796,2880),(3608,4852),(409,3117),(9076,9669),(7388,1376),(2654,3833),(1805,7679),(5187,3759),(3824,727),(3772,8726),(4193,1810),(1463,9715),(392,8888),(5387,6947),(3686,8421),(4395,2267),(5084,9592),(76,6586),(1799,6657),(8737,6154),(1695,7672),(1442,5361),(8727,5638),(4841,4145),(9385,5065),(5800,4871),(7253,1624),(2142,5106),(423,4435),(6910,9710),(1479,4366),(7809,6737),(7446,4533),(4101,9707),(877,3790),(3574,9246),(6483,8969),(3502,7017),(2205,9031),(4097,3616),(3129,9814),(9867,6124),(1096,575),(4206,1246),(8529,4309),(2154,468),(6621,3690),(6878,2247),(9513,5610),(8443,2512),(4392,7888),(4229,7602),(3088,1143),(3714,2519),(949,6346),(4523,3546),(7638,1246),(4576,3165),(4707,3989),(1797,1955),(6564,3905),(3881,2277),(7575,468),(9309,9547),(933,2342),(3896,698),(5950,4096),(772,8166),(4486,2819),(8803,3010),(9581,4620),(5010,7541),(5577,5922),(6406,5523),(2301,6309),(4132,4853),(8821,4152),(5342,6446),(3716,1860),(672,5500),(9666,8493),(723,4527),(88,5329),(6143,9819),(8443,1849),(6004,5826),(9738,886),(6105,2780),(5634,790),(5999,8536),(8519,8205),(9493,5022),(5949,4490),(5022,967),(2606,4335),(4260,972),(8932,5534),(6150,8477),(9339,4309),(3130,8621),(5037,7740),(5640,3843),(4755,9006),(3586,9730),(6425,479),(3609,1614),(6141,7246),(7965,6375),(5642,4853),(1479,3521),(3137,6702),(5403,7702),(5199,926),(1528,5578),(5525,3419),(9718,2620),(2240,5277),(3194,4603),(6708,6549),(5300,9697),(667,3117),(7618,8872),(9943,9552),(1761,4489),(9114,3398),(5663,4059),(1415,6504),(9758,3676),(4223,980),(6306,1668),(6769,1407),(8281,5933),(4163,2942),(6246,4139),(1893,926),(5654,9604),(1320,361),(1170,4809),(5701,6881),(5715,2529),(3913,4556),(2205,6492),(7123,6322),(6676,7274),(9042,6751),(1586,267),(2916,8460),(2083,220),(6542,6424),(1700,3087),(8270,4009),(3057,3602),(1780,7556),(5316,8290),(2749,5163),(6971,1812),(4351,4938),(3134,7213),(8142,2947),(9475,9406),(267,6648),(1375,3911),(5706,7998),(1926,6664),(4118,5313),(8991,17),(1420,7020),(699,6558),(7402,4672),(9228,7859),(8760,7463),(5650,3687),(784,213),(3890,7545),(3855,4048),(454,4278),(4980,157),(6987,7950),(5642,8536),(2639,483),(5194,6197),(9442,3863),(4484,6554),(6057,2551),(2888,6469),(5789,5542),(2626,8308),(414,5690),(8943,896),(8341,4338),(2525,2528),(1572,2087),(1381,7739),(2131,8404),(499,773),(4057,7250),(7006,1555),(1408,7756),(8732,5711),(7729,58),(7,6009),(2571,8800),(2169,3168),(8967,7870),(9680,1387),(8905,6229),(2904,9894),(7852,5995),(7496,1693),(3675,4095),(978,3358),(5831,9649),(3127,6889),(531,1579),(8807,5383),(9049,2421),(3561,1768),(8798,3380),(4086,8258),(407,6200),(6075,4066),(1463,1778),(2356,2838),(4128,3591),(9358,4634),(2988,3188),(2600,5797),(6849,872),(1249,1978),(7077,9166),(2766,9987),(3683,3495),(6019,4396),(221,6617),(5369,9171),(3268,3392),(1155,3542),(2579,3037),(6509,6188),(4951,1676),(3468,2051),(5698,6382),(2174,5676),(10,2998),(2189,7741),(3394,7899),(389,6847),(2081,5629),(2115,2284),(1072,4824),(1985,8636),(8772,1964),(4176,65),(5030,6829),(8491,3961),(8724,7846),(9104,8963),(6122,6049),(2602,7219),(7496,8476),(7197,2503),(8325,9394),(747,4437),(2359,5659),(2623,523),(2887,5507),(2554,6834),(5353,1867),(9842,7588),(5055,6385),(9537,9808),(3578,9224),(3268,1022),(5431,1826),(1470,3964),(9026,7476),(3667,6092),(5053,1704),(7886,3916),(1731,7502),(2455,1781),(8214,9768),(247,5182),(4039,8500),(4467,2566),(3213,2482),(2388,5330),(4306,5462),(3780,3391),(1747,5295),(8672,7984),(9310,1772),(1226,5273),(1770,8702),(7846,993),(8151,4013),(33,1333),(1534,6841),(8632,715),(5266,8577),(6995,8968),(4479,5098),(9499,2642),(4387,9998),(2595,8708),(5185,7616),(7815,4553),(4901,1965),(6048,7085),(88,7859),(6792,823),(5971,2788),(743,4275),(8390,7617),(5094,8785),(4549,6876),(132,2223),(597,860),(9076,8808),(6402,9558),(7226,7199),(7212,1049),(3961,606),(772,758),(2826,3799),(4172,826),(8865,3598),(8673,3027),(9311,8447),(5801,6073),(9904,9977),(572,196),(7388,6799),(2709,9593),(9414,1278),(452,7063),(5263,5182),(4886,6730),(5240,6011),(2184,3235),(5384,889),(2871,9509),(7483,8772),(2976,8322),(7333,1179),(3657,6297),(6486,346),(7806,9274),(1472,588),(2961,1680),(3999,5028),(3241,6676),(910,7505),(1900,7105),(7907,3776),(4540,1260),(6701,7218),(7136,573),(7543,5603),(4509,992),(7244,4170),(4587,9141),(6869,3733),(504,5028),(217,5643),(8531,89),(4981,3380),(4844,441),(6663,3163),(2239,7204),(5231,6364),(1282,4092),(1292,1683),(661,7528),(4826,6772),(1788,4803),(2115,5216),(1864,8645),(6617,4073),(7176,3442),(9254,8869),(9663,8741),(3024,6097),(4367,5316),(5115,4187),(6625,9721),(8388,1400),(5917,5808),(7761,7305),(1584,9758),(7004,805),(2834,6251),(6766,8913),(8328,4270),(3160,8670),(8015,5358),(2901,2467),(5019,7428),(2192,7043),(6075,967),(6855,562),(2145,7871),(9537,3211),(139,7563),(8821,2572),(4204,5057),(3804,1240),(3323,2932),(3049,3812),(3139,3095),(8307,3514),(563,5755),(5137,2130),(9676,6914),(8211,7576),(6782,5684),(7177,858),(9390,4975),(3635,6704),(2325,8093),(4880,3322),(5276,3665),(1872,2130),(8629,8195),(1469,7922),(8796,6720),(5226,2815),(1376,2334),(4818,7306),(4923,4037),(3858,9138),(5858,2016),(950,9989),(75,4672),(9308,7924),(8632,6179),(6823,5044),(1354,7152),(7977,2301),(9442,1412),(4633,9642),(1922,8901),(8613,886),(2292,1819),(6167,1066),(8229,9663),(8025,5796),(5128,2263),(3633,6511),(73,6448),(6683,9348),(3173,6720),(756,905),(2719,3339),(4438,7787),(2559,7327),(5961,1136),(6134,5792),(2979,1221),(7438,6876),(5028,7984),(2757,5649),(6140,6768),(7403,160),(162,9599),(1539,9673),(7046,3165),(4131,2996),(8933,794),(9794,8359),(8521,4024),(3489,5019),(8495,8322),(3902,1701),(1814,2885),(5743,6938),(7372,5157),(7582,2136),(5622,9927),(8613,5792),(9338,6304),(7755,6521),(1505,4741),(8143,2903),(1656,3745),(5699,235),(5567,1417),(9828,8901),(3577,7171),(2982,8923),(6098,5233),(9697,8051),(1517,8225),(1688,2904),(6153,913),(5671,3033),(5521,8283),(6600,6945),(571,3352),(3757,9338),(1266,8130),(276,6294),(6793,1303),(6528,2121),(800,1246),(5700,6512),(6574,7081),(6965,2597),(9871,2392),(2551,2502),(8396,993),(8803,3273),(1128,4968),(3072,4823),(1045,2002),(5398,7705),(2062,3022),(7038,2887),(1743,5558),(5995,4344),(2586,5265),(8513,6645),(9200,5837),(8541,731),(4549,5503),(2595,6078),(9900,1023),(8301,8922),(6495,7606),(752,3261),(7057,9525),(6133,3832),(2607,6876),(933,3651),(856,1944),(1302,1964),(1819,9230),(5528,7231),(2675,919),(5264,6772),(9610,768),(5580,2108),(2631,5178),(9410,3084),(9949,941),(5491,6453),(3460,7442),(5872,5538),(4831,4699),(8430,6888),(647,7165),(1217,4689),(3313,1274),(8100,3994),(4464,2261),(1223,7784),(4597,3327),(74,6793),(1739,6002),(9114,2691),(3399,6177),(5100,5257),(1227,8498),(1097,1487),(1539,4843),(2902,5639),(8805,1649),(2380,5239),(6670,3973),(2537,7078),(2933,7105),(4484,7464),(6971,238),(686,3736),(554,6494),(4760,6454),(2686,744),(8053,3820),(7418,2158),(7497,5281),(2514,8762),(7215,2571),(4443,4747),(9571,8772),(6754,9665),(7873,1684),(3347,1025),(9675,8421),(355,9600),(541,232),(8461,6568),(1029,2963),(6313,8878),(2498,6954),(2566,8537),(45,7731),(2499,7987),(8716,3160),(7083,8276),(1288,3),(9619,2363),(6122,8105),(4938,8615),(4306,9740),(8110,7753),(4613,7138),(8491,3992),(911,7045),(7846,5576),(7178,6341),(9123,6535),(7162,6558),(1001,2123),(5422,5147),(4949,3172),(3210,4626),(6174,9827),(4336,1350),(3272,5637),(2681,3357),(6605,8943),(4785,2845),(1636,3238),(3404,5586),(6524,5152),(1107,9691),(7553,1067),(2037,3416),(1311,6092),(6193,1469),(2873,7667),(2498,5811),(2738,2272),(918,5118),(9303,2656),(3880,9715),(2246,7856),(5466,129),(7078,2277),(9841,4531),(4991,1758),(7683,3850),(7946,6014),(1469,5275),(9196,4605),(1691,6167),(2222,5812),(760,7033),(6613,1091),(2604,6255),(3372,9961),(7103,2565),(4849,5232),(7395,1633),(9074,4053),(7388,3764),(4906,3562),(5017,9896),(7881,174),(8453,6938),(3305,1491),(5338,7351),(6945,929),(3788,873),(910,2252),(5781,8558),(6729,1515),(3770,4797),(5203,4399),(8784,5784),(2710,1287),(2885,1793),(5149,4475),(5220,9263),(1208,725),(9437,8697),(3615,3354),(1348,7972),(74,9009),(9084,4082),(3845,8507),(7886,4372),(9855,1544),(5725,1067),(9969,4667),(6834,8321),(1507,5144),(4369,3341),(7548,886),(8387,7004),(393,7330),(3514,128),(5498,472),(8523,5724),(8717,960),(7379,7117),(451,6956),(3323,10000),(2582,6304),(5220,2968),(5355,7875),(8687,1596),(5861,5299),(5748,2184),(4502,753),(8671,7068),(32,4364),(430,1986),(3176,9950),(5696,1738),(5897,9446),(92,741),(3178,6580),(8263,7378),(3067,2777),(5248,3141),(9110,7754),(143,416),(5806,3447),(7934,1831),(555,2256),(137,3528),(5276,3349),(2711,4475),(9723,5144),(7072,4548),(5054,8119),(190,2710),(4535,741),(3027,6970),(9464,4187),(3135,6563),(3825,218),(253,6366),(9214,6312),(7609,8311),(1432,8765),(7794,7203),(5881,8185),(7757,9222),(807,5630),(285,8714),(6760,2830),(8562,9763),(7998,4830),(184,1175),(7638,171),(651,4313),(8370,4834),(5073,5805),(3880,7064),(2140,687),(1651,2330),(8204,3556),(7972,7255),(9379,1166),(2248,2214),(7193,6507),(7709,5487),(8538,4308),(1292,9538),(4945,5572),(2365,4898),(5428,9880),(2560,7970),(7580,1420),(3732,5140),(6933,8673),(4236,1237),(6352,306),(5250,8126),(8424,8183),(9786,4067),(1638,2271),(2805,6195),(6793,3250),(8136,8471),(3230,1510),(5287,2684),(421,3166),(977,6174),(4786,1257),(8145,8842),(6922,3641),(5692,4113),(6609,6180),(5378,3037),(4853,9791),(7258,7652),(9065,1184),(5832,458),(7769,6643),(5432,1445),(7657,2972),(9042,2911),(6432,1161),(1299,4892),(8574,3377),(794,5449),(5835,6874),(1383,5008),(3311,7958),(595,5464),(7594,7438),(4861,6763),(7225,3857),(7524,4923),(1174,4541),(1572,9345),(3198,8754),(562,6928),(5679,8546),(7601,8022),(2681,3448),(4139,9094),(3890,8004),(7959,1115),(4420,197),(5321,5101),(3376,7855),(9707,8312),(5854,3487),(4703,8196),(4159,9231),(1782,6731),(288,4594),(2231,785),(13,8847),(4866,9006),(7373,6793),(9788,2991),(6473,7114),(5849,9722),(5691,7991),(1586,966),(3301,2747),(7456,2569),(5038,3266),(7658,6215),(9876,2904),(2557,5460),(7541,4142),(8181,5584),(3960,4408),(6725,2375),(3149,4211),(5071,3501),(9982,4409),(8344,974),(2313,8782),(2155,6706),(8941,2994),(5896,5707),(9240,7321),(7321,5104),(5685,736),(1316,5664),(9781,6320),(8163,8567),(3757,2586),(6200,9748),(8571,4605),(4073,932),(291,9524),(1788,4207),(4101,7049),(8145,9580),(1930,6119),(3661,6954),(8148,1496),(7848,3475),(7507,132),(7491,9257),(7187,7195),(6797,7391),(6094,8373),(1453,3931),(9639,9441),(1053,8485),(7735,7491),(1969,3287),(7739,9511),(3717,9471),(485,3959),(5356,4168),(3366,379),(3489,4883),(1133,4347),(8505,2673),(4551,6959),(1450,9084),(9,5734),(8913,8854),(4511,4368),(155,901),(5111,3037),(8952,7460),(860,4864),(3180,5208),(7278,2742),(524,6829),(3286,9634),(4064,9428),(6962,5962),(7525,9348),(6272,267),(2296,2945),(2500,4642),(5444,4923),(6682,2644),(4345,7265),(4124,6376),(2984,1450),(646,1250),(8944,6212),(4877,5937),(2195,9267),(1437,8507),(7764,5880),(1225,6293),(8228,4026),(4502,2674),(3957,5279),(1366,5359),(2891,8657),(7226,3007),(1363,1047),(9992,9470),(8850,1831),(5286,1634),(5011,7558),(8950,6403),(2732,8731),(5537,7336),(1089,8891),(4947,6145),(7812,336),(3465,3315),(698,1481),(3734,654),(790,9594),(2458,8190),(4660,7021),(7247,1144),(5207,6743),(7106,5310),(3575,8867),(3553,8398),(6652,2901),(845,3435),(1923,6724),(9383,6953),(4828,5063),(3612,4923),(1374,2844),(2580,8354),(8709,8637),(2560,9011),(7513,5901),(464,5128),(127,6585),(5785,638),(8259,7487),(6399,7714),(6366,7802),(5744,7082),(1778,7265),(8899,4750),(8408,714),(8351,1919),(1697,6405),(783,3815),(7622,5673),(1868,4613),(6736,7229),(4628,871),(7930,6957),(4252,7605),(4712,4236),(2065,1383),(7036,2243),(9991,8121),(6843,2238),(7015,6080),(278,3064),(1329,7269),(7474,364),(4196,2535),(2560,2694),(7346,7258),(9903,5270),(9233,1255),(3908,9928),(4351,6941),(3753,1743),(6314,2054),(6559,4386),(9836,3742),(8401,408),(7522,2157),(3310,8291),(2796,9429),(6140,7056),(5367,5460),(3,120),(577,731),(8061,3867),(9305,6970),(1047,7990),(7892,674),(2441,1518),(9459,1248),(4062,2896),(5912,4262),(2489,7465),(9931,9946),(1784,796),(5975,826),(6315,8294),(4112,2162),(2482,3414),(5621,5802),(6266,5912),(2610,1818),(3067,110),(8349,8434),(2464,3620),(6990,4362),(4944,8409),(470,3390),(3515,5806),(7068,1146),(7703,4574),(2969,8568),(2914,410),(2443,6420),(7675,7211),(4078,5951),(2677,7942),(3568,9660),(7922,7289),(916,8294),(1156,4536),(9694,5706),(7300,4493),(4326,7080),(6192,3932),(9335,6374),(4648,4830),(4384,5740),(1842,6894),(3852,7068),(5686,8660),(751,4260),(2914,3547),(2586,8714),(8914,6529),(3145,2049),(9907,4210),(866,257),(8571,9124),(2955,4840),(6957,8209),(2254,589),(4416,6582),(7917,6455),(2066,3733),(1097,8359),(2526,9113),(811,7716),(2644,9744),(3828,6692),(8144,2422),(9701,2792),(1719,801),(4946,6630),(3565,9864),(8224,8983),(70,9041),(7574,1952),(8960,7843),(1910,6272),(8613,1027),(8433,3823),(8247,9907),(2393,9972),(2565,8616),(2549,2129),(9925,7930),(7121,1090),(6841,3185),(1010,970),(4477,9142),(5558,7137),(726,1528),(3114,2500),(2252,8997),(900,4494),(1781,9125),(88,1502),(3158,2849),(1758,1418),(8925,7698),(7045,5140),(3252,5935),(8534,6737),(8132,6182),(8266,1331),(6771,3402),(6019,8760),(6083,5774),(8837,649),(3090,4809),(6415,9560),(8369,9725),(4901,2779),(6787,2819),(767,2082),(4292,7889),(9248,5380),(8728,7208),(9475,9030),(8538,5158),(5248,4123),(3763,4676),(8924,3016),(8154,7676),(9951,7906),(9645,4487),(8651,81),(2992,1386),(1320,4950),(22,6259),(246,450),(5885,2172),(3445,8192),(5896,6293),(2505,1554),(1046,6369),(4295,1578),(3870,4519),(1952,1309),(9240,7349),(3069,3808),(60,309),(6678,9092),(864,1109),(264,9704),(9583,8668),(6330,7568),(9174,546),(742,9045),(7930,3527),(8293,265),(9218,5983),(832,4397),(8619,2023),(9533,699),(8131,3278),(904,824),(1924,3709),(7189,8690),(5046,9938),(7821,2765),(8376,3583),(5454,9097),(4181,3901),(4557,6899),(413,1985),(4039,9047),(2217,6524),(3425,987),(9838,6052),(3568,1255),(9182,2825),(7409,4528),(3727,8094),(6023,3044),(4224,1441),(6556,3467),(9663,3543),(4515,1748),(8613,2377),(4732,9495),(4622,5566),(2520,5068),(2107,1932),(7582,2598),(6301,9212),(5627,2880),(7209,3964),(8065,538),(5877,247),(4786,246),(1246,4835),(9233,7518),(7272,3647),(6800,4763),(9862,2570),(2410,8392),(268,6640),(6585,6443),(3794,4621),(1312,2243),(2125,5561),(7001,1238),(8061,3439),(2958,2770),(6934,6777),(476,5436),(2236,1201),(3845,9054),(1098,3197),(2059,2289),(6674,560),(2387,9256),(4003,5812),(9541,7703),(1690,4147),(58,4039),(1232,787),(8686,2043),(117,6624),(5868,3890),(3715,8925),(5167,4154),(2521,4651),(8468,9084),(6361,8849),(2501,9299),(5512,47),(4417,9606),(2208,968),(3328,4218),(1800,8978),(9182,9395),(3929,8708),(4525,7915),(7405,2696),(9267,7112),(6247,1494),(6724,8717),(1525,6588),(8917,8633),(9636,7556),(33,7100),(4867,1806),(6966,8587),(1246,6325),(9163,4838),(6186,988),(1696,463),(4276,6620),(242,9109),(7010,2960),(9049,2598),(4134,7602),(9856,3599),(9588,1835),(5765,8883),(9137,2480),(2687,6090),(8349,192),(7899,3626),(2019,2562),(4624,6376),(6656,5054),(7660,9640),(5591,6507),(9952,3871),(4445,6654),(9607,8498),(7371,1783),(1706,1966),(2962,1252),(7495,8824),(7374,5169),(1763,3632),(4034,6514),(3826,5953),(7365,9555),(2119,533),(6657,7259),(3779,2923),(8457,4202),(17,4569),(8251,2640),(6640,6089),(795,8818),(176,6472),(3724,4675),(431,8731),(1822,6763),(6874,7146),(2824,7878),(2696,2726),(5717,2397),(6837,3242),(647,158),(1137,6154),(2952,6694),(6098,627),(4461,2349),(8527,3066),(5609,7912),(5900,2134),(3006,901),(7981,3687),(1966,3614),(8816,938),(9481,4487),(8882,3068),(1609,9500),(6833,1110),(5829,1857),(6721,3413),(1396,5544),(2957,3229),(3542,9070),(7609,3652),(8048,2223),(5861,5254),(2923,2894),(3628,7582),(5231,5042),(5561,2043),(6107,6042),(4717,7661),(7904,2922),(510,6005),(6404,515),(3567,5791),(921,2715),(4702,7761),(317,4371),(627,3806),(1620,2630),(2754,8139),(147,7294),(6927,9682),(3906,3898),(3551,9687),(4486,6050),(131,4450),(9286,4379),(3229,5609),(3328,373),(2274,4197),(9159,1965),(9836,463),(8579,6260),(7246,925),(3981,7296),(7092,4769),(2867,8767),(6182,3929),(1569,2248),(7600,2938),(7889,3317),(2530,5973),(7831,4916),(4981,4976),(7987,387),(880,3727),(5657,8952),(2802,1551),(9954,6944),(5932,1504),(225,9196),(9432,1507),(7631,1691),(4894,1915),(8562,7244),(3794,1320),(1335,9804),(1207,8816),(3428,9192),(9565,7465),(6468,1766),(9312,8457),(2333,7100),(2730,7436),(7788,3982),(1632,8206),(6571,8317),(4202,5566),(8491,342),(8138,2947),(9261,6015),(3593,6129),(595,9684),(5419,4515),(3952,719),(2320,830),(400,6373),(1750,7052),(4501,1393),(4226,7276),(5957,3939),(6574,5637),(924,3921),(7331,1509),(734,7917),(9514,9),(7106,8042),(2559,5768),(4449,1968),(3739,8545),(4853,7881),(9345,404),(2052,7244),(804,4514),(6077,126),(6606,190),(1997,9433),(8440,9119),(3799,8983),(4853,4432),(8545,1300),(6036,1703),(6540,3477),(8176,7173),(9513,321),(5896,3627),(9493,9753),(8378,2008),(1160,6263),(9343,2276),(8668,7307),(4953,6401),(5478,9942),(7365,8443),(7304,8039),(9240,2152),(8038,7849),(8895,8136),(653,6245),(9544,4139),(6372,2945),(265,1873),(9349,9552),(8771,4762),(9631,6140),(9685,2390),(5496,2718),(6176,424),(9037,3501),(3640,8672),(2999,2962),(925,5383),(3531,3450),(2298,3830),(4527,6537),(9508,5145),(8204,3607),(2329,9373),(235,1101),(1163,7019),(5031,9334),(7034,4341),(7158,6366),(8367,4353),(3046,8162),(6865,3646),(1163,6790),(703,4463),(8607,6830),(4850,4961),(7676,2434),(411,6048),(9369,4332),(7122,5772),(795,4838),(6452,2516),(4289,1013),(8990,9516),(9151,9258),(3625,3316),(434,3419),(5910,9911),(4586,7182),(5246,8459),(3273,4217),(2312,2435),(5404,7341),(2688,950),(5634,3699),(8708,951),(9880,4354),(6284,6776),(6414,9163),(5328,9370),(2453,4800),(8302,1517),(5765,5705),(8300,8459),(5265,3422),(7385,2295),(104,3901),(9429,3411),(6795,5491),(525,6761),(7725,6435),(4734,7904),(8109,1124),(6581,6960),(3434,1975),(4856,1777),(2274,8421),(4521,8801),(7143,8008),(4035,1378),(5843,2132),(1218,5269),(305,9159),(6079,4018),(7127,8466),(8332,8785),(2029,542),(7822,9787),(3737,7326),(3984,8935),(3867,2151),(9932,4749),(9133,1760),(5725,256),(1808,4462),(6659,4709),(1273,8311),(1986,8592),(7405,9377),(9368,728),(9444,7303),(2276,3440),(7779,6768),(3532,2094),(3980,5518),(8644,937),(3764,8577),(1971,4983),(1129,2430),(9059,2800),(5214,5806),(9810,5080),(2006,7318),(3000,7990),(575,4968),(8975,4335),(8327,5156),(7145,9700),(5425,5066),(4133,8824),(4241,4905),(5083,3745),(2526,5166),(5587,3303),(5535,9232),(2773,8366),(9102,2568),(2658,1927),(9258,4710),(6861,9504),(758,9897),(858,3017),(7882,8199),(5270,8427),(5259,7888),(1247,9431),(234,5321),(2961,6028),(9509,166),(5185,283),(9986,1023),(1405,4672),(3403,1586),(9985,7042),(1175,6253),(4274,1601),(6030,8004),(3889,6656),(5651,8118),(3651,6817),(4978,1824),(1621,1602),(314,9770),(7690,4615),(351,9110),(1906,8155),(9863,2609),(3154,1020),(3667,9540),(746,2966),(733,2201),(419,969),(565,7160),(717,8109),(1413,8343),(1433,8723),(4419,8),(365,9659),(3639,5565),(9701,7590),(6,988),(1734,7349),(4867,1736),(2098,4957),(7341,133),(7432,7261),(8647,787),(3509,4346),(4773,7942),(5331,185),(5391,5771),(1329,7852),(6114,9526),(8563,7744),(3597,7742),(3169,1695),(9573,6063),(7081,3745),(8749,3294),(3841,4335),(2262,2207),(7872,6462),(789,3239),(7843,8212),(8564,5233),(3246,7881),(989,2513),(5046,629),(9554,7279),(8777,4694),(7882,1044),(8044,4185),(6421,1363),(9941,8377),(5964,9534),(2789,4572),(6094,7153),(8665,7694),(2698,9194),(7932,5268),(3348,7282),(1999,5472),(9363,3150),(7173,8776),(1826,3113),(1464,7058),(5153,2460),(6114,7630),(6533,5725),(6293,290),(9493,5247),(4053,6071),(136,6895),(3358,9116),(8150,2326),(5366,5159),(7398,935),(7895,492),(189,9358),(6000,2159),(5681,4629),(2356,8927),(5001,4806),(2944,5268),(4699,939),(2219,1291),(8622,6777),(6151,1720),(8245,977),(2973,7975),(1442,837),(599,7415),(3555,1097),(9308,6054),(6028,555),(5047,2878),(7463,4904),(3191,7613),(6801,2621),(2516,182),(4085,3827),(8174,2328),(2273,2288),(9857,6722),(2280,2785),(8450,5833),(4009,8899),(267,8725),(1165,8673),(998,4564),(9857,5668),(4827,5936),(3744,8869),(8696,307),(9618,5507),(1065,8109),(3105,8253),(6199,4077),(5589,5840),(2467,2593),(8235,5644),(6885,2556),(2705,6757),(6177,4623),(429,591),(3016,43),(3604,9083),(7259,956),(5731,5915),(1412,2115),(8740,3173),(8276,2990),(2052,1575),(1827,1190),(7049,5690),(5414,2819),(4472,25),(5805,3533),(6403,8364),(6332,4142),(3001,8988),(4801,3075),(3844,663),(3200,8480),(4000,9456),(9354,1698),(6757,1796),(5973,667),(3619,4743),(3131,2777),(3232,8567),(6055,7470),(948,4540),(853,9533),(9592,8255),(8950,6770),(5543,5103),(4546,1102),(3696,2472),(347,4478),(4833,239),(44,2549),(2677,3393),(3172,3757),(5913,1120),(7798,5489),(878,7944),(5855,8897),(2513,2785),(6605,834),(2792,4455),(9390,2628),(2166,2981),(1962,9294),(419,9089),(9064,5973),(4828,7180),(8894,3872),(2065,2593),(2210,1866),(1584,8534),(3932,8061),(2630,9509),(5238,5288),(8755,7367),(7538,2598),(8899,4662),(9899,3483),(5282,9898),(2737,5786),(3494,2487),(8225,7032),(4697,7699),(393,4131),(3570,3742),(736,4857),(1297,6431),(7815,1953),(1477,3112),(100,1163),(3897,8873),(9712,6359),(9977,1240),(8499,3221),(1804,8129),(7292,232),(2212,4158),(9899,4706),(8579,1936),(2636,7312),(4894,186),(9088,116),(7148,2798),(4847,9579),(201,724),(8045,857),(62,4245),(9191,7726),(7787,7453),(7651,7441),(2764,7452),(29,1910),(2612,9094),(4141,8905),(7193,2119),(4081,462),(8199,2843),(7963,4341),(3907,6879),(2629,7579),(6221,9898),(6789,7375),(1348,4744),(3066,8301),(2590,3427),(850,452),(8890,9235),(6581,9167),(3657,7526),(9848,7579),(4174,6198),(1843,2975),(9272,2582),(7495,3118),(9928,3450),(8737,5589),(7763,2229),(114,1915),(4291,9759),(1612,2183),(3271,8742),(7024,8031),(6172,349),(1876,4032),(539,6534),(1940,6349),(265,7971),(2340,2130),(3850,8588),(8618,4712),(5279,2542),(8835,4704),(7932,6469),(3878,1100),(7410,3939),(3171,1123),(3964,4004),(5486,2539),(1122,3797),(2744,4769),(885,3231),(3026,1165),(4425,8991),(6211,3643),(6156,2783),(2856,4992),(8087,5172),(9758,9997),(9544,1811),(5259,3692),(5169,2439),(203,5758),(5951,9821),(1812,1258),(9952,393),(8052,8260),(7833,7133),(6049,3420),(7821,7101),(5446,4572),(2246,8112),(5521,1705),(7593,2021),(7810,1401),(4016,9060),(8604,7727),(1625,122),(3423,9772),(1019,5947),(6293,33),(2436,8523),(7442,4172),(3953,9826),(1173,9843),(2119,4256),(4322,2081),(7041,6724),(5905,811),(6407,9056),(5214,6937),(7771,9434),(5171,8155),(2541,1204),(6124,7424),(2756,537),(5156,397),(3880,4088),(6056,4594),(6833,184),(1028,6532),(2769,5008),(9675,6464),(4878,9167),(3085,7701),(3813,1429),(841,738),(1493,7803),(5384,1872),(2265,1609),(676,7623),(4738,1818),(8159,1178),(1281,2116),(5711,2162),(9311,6652),(6577,7660),(5051,1698),(3961,8334),(3924,9825),(2009,1029),(5259,2451),(7389,4444),(1952,2593),(8166,3465),(5683,280),(3315,891),(2258,4373),(8147,6146),(8288,3010),(1122,6537),(645,5542),(9999,2280),(8472,981),(5210,646),(1641,5419),(7551,9815),(8736,3615),(795,1994),(9961,412),(7290,9382),(6423,4142),(4723,6446),(1161,1928),(1839,4078),(3143,9221),(409,5108),(6293,574),(1165,9757),(1157,9894),(980,2330),(4450,9300),(5436,2238),(6951,3206),(3038,9215),(2106,4495),(3425,2566),(5366,570),(5682,2624),(9197,2090),(3941,163),(1638,2852),(3405,7662),(9527,9601),(8331,9699),(9926,8774),(6879,2242),(3836,8604),(1506,5572),(9527,2097),(1737,4805),(1592,5472),(4594,1014),(1967,8392),(5521,5738),(9698,6287),(896,9031),(8050,5199),(4525,5333),(2483,2398),(1721,3719),(3258,8256),(147,3479),(2726,401),(5881,3980),(9163,1618),(9948,5093),(2733,8310),(2098,1787),(2822,9243),(4947,3965),(4894,8578),(5056,6463),(4177,8340),(1336,6060),(3666,3110),(2732,5266),(3761,9833),(6173,137),(8724,3131),(4619,4237),(9385,6549),(8015,9011),(8614,4000),(2025,7602),(1714,1544),(8500,4469),(5038,6047),(9464,5198),(2943,9640),(7222,5742),(6863,4387),(6185,8075),(1767,8010),(1025,8677),(5213,8407),(8692,1086),(1315,7806),(7335,6963),(5622,9119),(7856,8691),(9851,9120),(6486,8742),(6076,1509),(6203,5351),(208,484),(3622,6293),(4369,1652),(8014,674),(7553,5585),(7647,8232),(7696,1079),(7582,9302),(7009,5099),(275,4047),(2809,9253),(70,7069),(6643,6845),(2114,1829),(509,5829),(6854,10),(3601,7815),(8857,9935),(3150,7529),(3927,7104),(3518,5658),(6271,3591),(7106,8437),(5863,3021),(3075,1227),(3310,9232),(7487,1746),(8814,5120),(4209,156),(8310,4338),(1191,1375),(2194,6365),(4432,4345),(8565,8624),(990,4061),(2557,4416),(4452,1858),(5824,1779),(8939,7719),(6856,2671),(6586,7485),(2055,9985),(5245,6181),(4765,6729),(6405,1119),(5597,2718),(8889,2833),(7564,3723),(3653,2887),(4056,7325),(9305,3410),(8436,2694),(5200,7529),(2098,272),(2188,8493),(3044,6516),(651,4011),(3657,7184),(2784,6063),(6797,2342),(2916,4378),(5876,5736),(4284,1531),(7484,988),(2062,4569),(1668,5373),(1507,3173),(924,2033),(7713,9266),(4523,3379),(659,1808),(1554,1616),(8258,9150),(6796,6901),(3922,1524),(3665,1586),(3378,5086),(7557,6921),(5734,9578),(3408,9631),(4290,6265),(4544,5853),(5771,8383),(34,8678),(1666,5297),(1962,1359),(1432,3685),(2107,7664),(4123,7121),(6445,6284),(4300,1983),(9806,4166),(9234,9112),(6251,9811),(2945,7518),(2103,3770),(9039,3674),(9488,5004),(7865,7775),(51,6676),(2583,4007),(5053,3351),(5527,3487),(3983,4637),(4276,8545),(2081,3198),(4364,1368),(6646,1018),(7707,8805),(9786,10000),(4718,7772),(7831,8426),(5470,8105),(9516,6303),(8287,9605),(5256,6579),(5711,7905),(376,7749),(2129,1513),(7559,6058),(1895,4287),(8030,5283),(5746,7609),(6143,2568),(3023,9256),(6597,1795),(5461,9631),(3965,3292),(1240,4659),(7925,8570),(1611,7883),(5113,448),(1013,8364),(7626,2111),(5142,7150),(488,1394),(2189,9777),(8191,4903),(5947,9121),(4161,1641),(8275,9182),(4343,4925),(3821,6583),(1056,428),(6694,6206),(9888,9630),(5468,3361),(8722,763),(2304,9151),(1764,4237),(4280,2597),(4432,1113),(4470,5274),(4975,9054),(2584,5881),(9039,4220),(607,9587),(6500,6763),(9210,1772),(9803,1331),(5537,1612),(1318,2833),(5298,4883),(722,3795),(4396,1896),(2627,499),(4450,1382),(7177,3308),(5047,1089),(6794,3534),(5690,4185),(9818,2218),(7563,788),(3815,3209),(4295,7543),(8534,976),(6500,5987),(684,6008),(9444,6609),(8879,2765),(1810,358),(5382,7098),(2059,4397),(5291,5961),(9538,7343),(5257,12),(58,5141),(5380,5082),(582,3547),(9232,4120),(354,2472),(6884,5694),(1550,1438),(8786,7265),(5453,1604),(2384,3174),(5907,9774),(2635,8619),(9292,5627),(6239,9620),(5063,9418),(7401,545),(6480,6468),(1419,627),(8322,9683),(2213,1658),(3582,2439),(9142,6633),(6344,8284),(5988,998),(8840,1039),(1082,2895),(4386,2396),(1095,8364),(4606,2694),(3075,8063),(2526,5070),(2824,8467),(4477,5860),(8078,6201),(3501,3220),(2698,918),(2299,5974),(4129,527),(1110,450),(9102,7770),(2259,3967),(881,3758),(8976,251),(1103,8664),(4295,6058),(7905,7319),(8245,4103),(7941,1012),(2064,5633),(4561,7986),(4961,5314),(8456,3674),(7670,3102),(8382,4007),(8947,2107),(5798,2643),(4713,1129),(7518,2198),(8203,9971),(9106,3060),(1782,6793),(4310,9450),(1586,921),(7299,762),(4575,1489),(1290,3627),(7983,6054),(4166,7377),(1593,3103),(1727,3344),(4189,9794),(4777,8513),(3387,3575),(3240,2927),(5046,4577),(1719,1328),(7560,8961),(5685,5085),(5538,4632),(7848,5741),(6951,9904),(6828,8214),(1375,2706),(2577,931),(9605,6908),(4892,1467),(3816,2000),(5159,2252),(374,24),(7428,8683),(8575,9273),(1770,9996),(2684,739),(6130,9529),(9546,1402),(7274,9053),(8383,1035),(1176,1743),(9115,4209),(9965,5838),(7807,9910),(181,8719),(2263,8029),(1918,2443),(4561,7715),(2189,508),(8992,8583),(8575,328),(2646,28),(3656,9579),(6295,8115),(524,414),(3794,8968),(1494,1896),(6813,6999),(422,9132),(7721,2892),(3566,140),(4360,242),(7093,5254),(3619,6003),(9279,903),(9294,9899),(9624,747),(9645,388),(1454,2951),(929,1278),(5218,9745),(5869,2613),(554,8908),(9044,5865),(4460,5859),(4906,4218),(8960,5985),(3857,4035),(6189,6977),(5245,4642),(7455,6053),(7642,8765),(7179,650),(963,8761),(4478,3772),(5653,843),(8822,2714),(1603,9075),(1515,7590),(3210,2016),(855,4477),(2677,3029),(9193,7283),(1553,3076),(7097,2129),(4367,7146),(3068,3633),(892,233),(7494,2459),(4564,6733),(9377,2013),(6701,6223),(9928,4250),(2004,3033),(6485,3815),(5275,1955),(6311,7504),(9780,677),(8490,8408),(4977,9478),(976,5158),(8257,9590),(6266,8495),(5126,6856),(5642,7709),(8411,7293),(408,3994),(4408,5562),(3989,9776),(8332,8692),(7119,4714),(2090,2135),(8082,9806),(6480,6702),(9669,6326),(558,1207),(7452,8210),(790,4419),(1128,6509),(6811,755),(3294,2956),(4644,1135),(1413,4935),(744,6557),(7976,4520),(1213,7888),(6311,2072),(89,698),(4211,4897),(2913,2027),(2059,3699),(5252,3939),(2738,3516),(3878,4859),(4032,9688),(968,4189),(6984,9686),(5946,899),(3645,2399),(7157,9163),(216,4420),(8050,3233),(7465,9164),(4131,2840),(6540,658),(9143,1694),(3767,6202),(8751,4350),(5814,5192),(4481,9266),(5809,2740),(2400,3222),(4663,4723),(6550,1600),(8756,4642),(3903,7269),(1183,9245),(2275,1059),(2508,5688),(2029,3559),(6385,4357),(1198,9185),(3465,6225),(6989,9646),(9877,5424),(8227,2814),(1538,3171),(5680,706),(7221,5302),(7932,5126),(6198,448),(4302,1408),(2685,8514),(9704,991),(2230,7850),(4778,3781),(4596,9262),(623,4362),(6877,3300),(6399,5649),(2256,956),(925,9947),(2939,9151),(3371,1102),(6850,5212),(2576,3707),(1962,3644),(6958,9620),(5543,1946),(1054,4228),(7076,9218),(8443,5440),(1331,1492),(3077,664),(2900,4579),(6241,2269),(1532,3301),(8641,2691),(73,4423),(8331,4509),(6125,5420),(9006,5772),(202,1847),(653,3705),(6221,9307),(5282,4802),(5797,6911),(7040,8389),(9892,7506),(8846,9027),(299,4354),(6111,4593),(2670,435),(3925,4205),(7979,228),(7113,5206),(6461,6538),(8052,8534),(7769,3739),(6108,1286),(4324,6723),(4429,3391),(8341,2355),(9148,9375),(1435,8239),(7112,5366),(7865,7602),(7668,7407),(5637,8976),(4387,5297),(6357,9706),(4173,9647),(5122,6209),(4029,689),(2290,1881),(6783,8070),(5924,7558),(1312,3142),(1239,8138)]
